1 
468 
402 
781 
680 
576 
130 
203 
78 
764 
688 
227 
862 
894 
794 
762 
586 
967 
729 
505 
972 
656 
682 
289 
628 
605 
575 
965 
775 
757 
986 
724 
439 
987 
1002 
386 
767 
315 
472 
771 
571 
561 
625 
993 
807 
683 
884 
888 
804 
973 
975 
805 
849 
702 
594 
676 
819 
384 
639 
876 
796 
848 
934 
785 
584 
861 
984 
319 
977 
239 
532 
646 
604 
784 
864 
988 
867 
718 
774 
854 
630 
769 
911 
782 
870 
712 
874 
574 
946 
868 
994 
722 
850 
677 
940 
479 
382 
383 
398 
966 
983 
687 
801 
449 
603 
916 
968 
780 
752 
739 
853 
693 
830 
475 
770 
709 
595 
871 
985 
659 
959 
960 
961 
761 
787 
606 
827 
882 
704 
834 
626 
657 
948 
795 
964 
915 
436 
831 
622 
637 
631 
899 
881 
842 
1004 
636 
928 
668 
578 
580 
583 
648 
653 
658 
660 
670 
675 
684 
691 
703 
711 
731 
732 
744 
746 
772 
792 
798 
808 
846 
890 
904 
910 
995 
998 65 13 624 2 3 4 6 0 5 902 763 716 697 7 8 9 44 11 10 20 21 715 17 18 14 12 996 19 42 41 30 23 24 609 25 26 27 28 29 31 32 33 34 35 878 22 92 80 866 16 15 45 46 63 54 55 56 57 863 58 59 89 62 68 64 51 740 79 47 38 37 40 39 48 36 75 76 96 66 67 74 73 84 49 50 643 71 70 86 415 852 69 81 82 53 52 61 758 60 219 95 942 93 108 111 90 91 514 107 837 77 87 83 101 97 98 99 100 102 192 132 106 614 72 524 163 105 114 113 115 116 118 117 121 110 258 1003 160 821 501 85 142 124 838 125 935 185 323 162 103 104 150 122 123 129 992 88 750 137 982 901 877 126 131 209 128 751 94 120 146 177 734 176 178 539 157 149 148 180 145 999 591 144 212 147 152 364 153 155 133 844 134 173 154 183 165 135 136 151 170 875 164 139 140 166 742 141 161 249 169 127 184 187 215 650 159 158 174 175 252 138 990 211 755 208 194 193 195 281 271 737 210 233 234 235 236 237 238 241 232 156 179 181 167 168 172 143 196 197 198 689 201 199 200 204 206 214 191 839 824 348 231 692 645 257 278 262 301 171 245 263 256 221 218 222 188 189 941 190 282 745 217 432 288 269 735 216 254 186 226 225 223 220 377 228 182 213 264 265 266 246 247 358 43 324 441 333 736 279 119 229 721 338 251 336 260 248 259 253 283 230 920 366 512 109 424 240 242 879 243 244 303 255 284 277 342 797 280 270 419 642 268 295 943 290 843 567 829 620 272 273 322 334 335 428 409 318 361 339 340 310 307 314 300 329 989 286 285 302 304 405 773 456 355 371 351 250 741 320 308 376 296 321 368 112 357 454 328 327 945 728 885 887 416 306 858 825 923 326 389 379 396 316 979 629 309 224 560 313 317 312 494 261 367 337 883 420 291 294 346 345 343 207 820 955 779 205 498 267 359 332 406 374 293 360 430 362 331 459 759 717 788 311 373 372 431 404 768 640 937 618 662 617 353 708 434 433 363 495 673 460 730 411 305 408 517 516 743 412 473 298 287 299 855 418 467 549 356 375 889 455 370 725 414 443 417 895 423 426 276 275 835 413 440 380 381 387 385 390 391 393 378 388 394 947 397 869 719 841 632 458 789 450 705 292 484 448 429 446 447 799 461 592 274 678 400 690 509 969 958 962 713 325 478 442 444 485 438 590 330 556 464 483 727 352 350 681 533 818 422 493 399 401 425 714 457 526 403 537 613 793 756 597 596 546 909 906 760 427 470 980 655 482 437 531 914 753 816 860 900 978 686 445 557 581 497 811 491 892 891 828 612 924 791 726 474 615 800 453 607 490 410 486 611 938 623 202 562 840 568 544 790 542 543 523 836 706 694 610 585 522 563 822 572 939 593 907 903 851 349 347 814 344 776 936 908 917 970 918 1000 974 395 515 817 664 552 481 898 421 452 451 365 802 695 548 489 929 933 956 700 499 466 649 488 487 558 569 778 500 502 407 504 506 672 503 462 545 588 600 392 513 652 518 954 621 577 559 519 492 932 812 520 991 685 665 859 815 880 949 698 738 809 826 832 587 803 1001 806 465 786 707 872 566 573 856 833 661 570 823 521 766 554 553 598 535 777 538 723 551 733 663 508 679 480 601 886 536 550 667 627 582 671 747 710 952 540 896 589 638 564 748 944 530 510 525 529 699 913 951 957 666 950 922 847 919 547 527 981 925 976 845 953 921 930 926 927 931 963 599 669 783 654 865 608 565 674 754 971 555 720 765 912 496 602 616 511 651 541 641 647 435 635 634 507 463 579 528 644 534 813 471 810 476 469 477 619 354 297 905 696 341 369